1 1.000 0.299 0.054 0.135 0.258
1 1.000 0.299 0.054 0.135 0.258
2 0.500 0.270 0.054 0.133 0.252
2 0.500 0.270 0.054 0.133 0.252
2 0.500 0.270 0.054 0.133 0.252
2 0.500 0.270 0.054 0.133 0.252
2 0.500 0.270 0.054 0.133 0.252
3 0.333 0.245 0.053 0.132 0.247
3 0.333 0.245 0.053 0.132 0.247
3 0.333 0.245 0.053 0.132 0.247
3 0.333 0.245 0.053 0.132 0.247
3 0.333 0.245 0.053 0.132 0.247
5 0.200 0.208 0.051 0.128 0.238
6 0.167 0.193 0.050 0.126 0.234
6 0.167 0.193 0.050 0.126 0.234
14 0.071 0.123 0.044 0.114 0.209
15 0.067 0.118 0.043 0.113 0.206
15 0.067 0.118 0.043 0.113 0.206
20 0.050 0.097 0.040 0.107 0.195
75 0.013 0.033 0.022 0.067 0.126